name: mushroom
channels:
  - conda-forge
  - defaults

dependencies:
  - bzip2=1.0.8=h8ffe710_4
  - ca-certificates=2022.6.15=h5b45459_0
  - docutils=0.19=py310h5588dad_0
  - freetype=2.10.4=h546665d_1
  - glew=2.1.0=h39d44d4_2
  - jpeg=9e=h8ffe710_2
  - kivy=2.1.0=py310h6a7f093_1
  - lcms2=2.12=h2a16943_0
  - lerc=3.0=h0e60522_0
  - libdeflate=1.12=h8ffe710_0
  - libffi=3.4.2=h8ffe710_5
  - libflac=1.3.4=h0e60522_0
  - libmad=0.15.1b=hfa6e2cd_1000
  - libogg=1.3.4=h8ffe710_1
  - libpng=1.6.37=h1d00b33_3
  - libtiff=4.4.0=h2ed3b44_1
  - libvorbis=1.3.7=h0e60522_0
  - libwebp=1.2.3=h8ffe710_1
  - libwebp-base=1.2.3=h8ffe710_2
  - libxcb=1.13=hcd874cb_1004
  - libzlib=1.2.12=h8ffe710_2
  - lz4-c=1.9.3=h8ffe710_1
  - m2w64-gcc-libgfortran=5.3.0=6
  - m2w64-gcc-libs=5.3.0=7
  - m2w64-gcc-libs-core=5.3.0=7
  - m2w64-gmp=6.1.0=2
  - m2w64-libwinpthread-git=5.0.0.4634.697f757=2
  - msys2-conda-epoch=20160418=1
  - openjpeg=2.4.0=hb211442_1
  - openssl=3.0.5=h8ffe710_0
  - pillow=9.2.0=py310h767b3fd_0
  - pip=22.2=pyhd8ed1ab_0
  - pthread-stubs=0.4=hcd874cb_1001
  - pygments=2.12.0=pyhd8ed1ab_0
  - python=3.10.5=hcf16a7b_0_cpython
  - python_abi=3.10=2_cp310
  - sdl2=2.0.22=h0e60522_2
  - sdl2_image=2.0.5=h63225fd_0
  - sdl2_mixer=2.6.1=h0e60522_0
  - sdl2_ttf=2.0.15=h4636d2b_0
  - setuptools=63.2.0=py310h5588dad_0
  - smpeg2=2.0.0=h6538335_1
  - sqlite=3.39.2=h8ffe710_0
  - tk=8.6.12=h8ffe710_0
  - tzdata=2022a=h191b570_0
  - ucrt=10.0.20348.0=h57928b3_0
  - vc=14.2=hb210afc_6
  - vs2015_runtime=14.29.30037=h902a5da_6
  - wheel=0.37.1=pyhd8ed1ab_0
  - xorg-libxau=1.0.9=hcd874cb_0
  - xorg-libxdmcp=1.1.3=hcd874cb_0
  - xz=5.2.5=h62dcd97_1
  - zlib=1.2.12=h8ffe710_2
  - zstd=1.5.2=h6255e5f_2

  - pip:
      - certifi==2022.6.15
      - charset-normalizer==2.1.0
      - idna==3.3
      - kivy-deps-angle==0.3.2
      - kivy-deps-glew==0.3.1
      - kivy-deps-sdl2==0.4.5
      - kivy-garden==0.1.5
      - kivymd==0.104.2
      - plyer==2.0.0
      - pypiwin32==223
      - pywin32==304
      - requests==2.28.1
      - urllib3==1.26.11
